202576661 213598777 236380501 261066358 293604147 353148578 452840511 600874122 716872167 786883711 862786102
75861204 86459045 99522749 112761300 128239403 144982406 163120219 182796558 204182614 226998587 251088263 275397973 321446061 400631345 526231411 676188134 760973366 825873702 908185716
72361782 78417856 90259224 103377088 117827664 133818855 150982166 169668237 189766545 211704927 233401056 257866209 288416279 344760034 439028555 580795214 705085436 779594769 851583262 935818076
127724783 129826312 146732134 164666755 183664221 204752243 227696591 251962649 279151827 328591512 412432579 544390666 686250468 766931662 834088505 918667770 982430379
44994337 46177598 54908408 64104616 74824077 86087121 99063996 112761300 128239403 144940132 163120219 182796558 204182614 226998587 251088263 275275059 320644062 400059047 526519302 676714231 761718460 826902372
990767592 981453147 963221757 929265173 871424283 790004992 713133886 641851171 543085075 400631345 274516962 228601942 204182614 181255175 160209286 141442391 123321480 106986861 92708954 79788649 67615763 56511763 48901290 41680533 33368143 26187251 19562153 15138586
857139911 773862192 702905653 628014520 523659276 371835507 260677204 225887334 201821030 179005715 158422353 138966357 121178834 104941216 90259224 76912134 65149229 54908408 52637059
22035358 25488005 31826873 38175589 46177598 54908408 63735181 73991714 85425212 98102342 112129381 127389424 143050365 161005961 180123626 201312667 223557740 247573481 273285288 317781061 394299124 517492159 672516170 758542902 822121905 905059696 975325917
986435849 973162500 947448226 901479031 829595784 745674222 685388580 603771470 489444567 328255217 244087271 218922676 194995486 190605151
975637818 952006036 909261915 840718793 755850041 693497624 615231338 505299109 344014261 249039685 223268279 199078684 176681967 156087782 137046724 119492056 103437794 89080630 75965743 69211803
76397860 77399223 89546014 102933952 117584436 133373917 150760299 169469051 189842203 211823042 235299317 260269804 294252981 354912431 456310475 606463967 720029675 788654524
65242661 73632052 85364328 98052290 112129381 127160314 143959008 162240632 181962298 203147770 226047178 250478337 276685197 324123395 406202775 535330968 681431440 764614390 831321351 915893707
817344458 734373586 670033609 582981096 459380411 307811668 236950078 226657089
46883744 55293083 65149229 75965743 87928675 100602928 114980594 130730756 147686646 166216572 186043006 207559406 230697959 255278019 285328902 339223801 431057433 571445108 700600941 776729850 848966087 933505881
973560874 948198777 902426901 831011607 746254733 686058920 604728372 490258406 329248291 244087271 218922676 194934796 172884264
11471081 16382655 21781038 27924236 34741955 42280852 50525878 59523774 69745655 81046222 93573797 107235119 121922271 138180188 155835284 175142212 195856728 218232269 242021590 267263758 307085889 377358475 491439562 652868936 747297923
56511763 59993882 70231360 81677802 93979836 107739346 122804452 139244370 156897169 176306906 197040357 219535471 243506458 268917486 310222184 382487995 499582822 662711408 753198597 814128121 896831374
72823141 82341500 94982531 108765298 123889866 140359944 158158711 177591121 198645866 221155475 245084362 270621331 313308821 387819755 507731379 667601794 756189890 818699460 902111847
810013399 727943108 661348613 570460869 441081504 296408874 234021916 209200656 186043006 164483804 144488511 126115440 109383805 94100714 80470820 68005484 64313081
814252301 731507821 666264797 577276801 450629189 302771140 235518577 210442800 187262460 165474219 145355677 127130140 110269154 94982531 81247902 68704418 68232494
700512583 624633708 518777709 364388951 257189457 225301197 200910314 178323019 157192862 137777834 119941268 104228627 89438645 76068024 64104616 54887893
803532204 723004342 654928949 561364264 427469285 288378046 232111129 207357922 184158593 162689452 142976091 124751831 108058358 92887025 79460269 67154444 56067144 46203433 37313848 29502193 22477516 16307165 10907460 6016009 2916004
904863126 834715008 749944889 690953218 611230123 499582822 336474917 246167117 220464133 196544914 174080456 158223841
64763018 69554311 80790386 93278960 107039000 121922095 138244258 156065559 175207055 196002983 218293009 242174187 267513269 307856921 378598915 493676740 655903558 749015446 808402072 890194870 966357475
954723746 913976161 847569898 762980970 697042714 619517175 511709907 353766328 252776674 224803894 200419871 177863214 156860839 152947716
